11
13
18
6
10
11
19
12
11
20
17
16
11
11
11
16
13
15
16
17
9
10
13
11
10
20
13
9
14
12
24
19
15
7
10
15
18
14
13
9
11
12
7
12
11
11
11
12
11
12
14
27
11
13
13
12
12
9
17
14
20
16
11
11
11
10
14
14
13
11
14
18
11
9
8
13
8
16
10
11
16
11
18
12
14
10
10
10
21
13
13
17
10
11
15
10
14
18
11
12
8
12
11
12
17
10
10
12
22
9
5
19
11
14
9
6
10
12
8
9
7
7
11
13
26
10
11
9
8
14
15
13
10
10
16
13
17
9
9
12
12
12
12
13
9
10
11
9
12
15
9
11
10
10
10
9
9
7
8
13
22
12
8
9
10
12
8
19
12
11
9
9
11
7
7
11
15
10
15
10
14
10
11
7
12
8
11
13
13
8
12
11
15
7
11
17
10
16
15
11
18
11
10
12
8
10
13
19
8
11
13
12
12
7
15
15
12
10
8
10
10
8
12
8
22
14
11
14
11
9
19
10
36
11
16
9
14
8
9
11
14
7
16
11
16
11
10
7
12
11
13
9
18
11
12
18
15
21
11
12
12
14
15
12
11
12
13
14
12
14
10
12
4
13
11
14
10
10
17
10
7
16
12
11
12
12
12
21
21
12
15
10
11
9
17
9
15
9
10
10
12
13
21
19
11
18
17
12
11
7
11
9
14
11
12
12
13
8
10
21
25
16
12
14
26
10
11
14
9
20
11
13
18
20
12
14
12
9
9
19
11
14
16
19
10
9
11
16
12
9
11
17
17
13
10
16
12
20
12
12
13
13
9
10
11
13
11
10
11
7
10
8
10
8
9
8
12
24
12
8
10
9
9
14
11
8
10
10
12
9
11
20
10
10
12
7
13
10
11
10
9
9
12
7
12
7
29
11
12
11
13
11
15
9
12
10
8
14
9
13
10
13
16
9
10
17
12
6
9
12
9
8
12
10
9
24
8
10
12
11
10
14
9
10
10
10
10
13
10
14
8
11
9
10
9
12
8
13
12
10
12
9
12
13
8
9
7
18
14
12
11
10
12
11
8
8
13
7
8
10
11
10
11
16
15
11
10
11
9
12
11
11
9
11
10
12
9
9
14
11
11
12
10
13
13
11
10
9
10
9
10
16
11
14
11
10
10
12
20
15
6
6
10
18
13
9
10
11
10
12
9
14
11
11
12
10
10
10
15
9
11
13
11
15
12
14
10
10
16
11
9
12
10
13
12
12
12
13
12
16
6
14
11
11
13
14
10
9
19
9
11
13
11
15
11
18
15
12
5
12
10
12
11
10
11
14
12
11
8
8
13
12
11
13
12
9
13
18
12
11
17
9
8
17
11
12
7
14
9
11
10
13
7
11
11
13
12
13
12
10
11
7
10
9
12
14
8
9
10
10
8
16
9
11
12
13
11
12
12
13
10
16
10
9
13
9
10
9
22
22
11
11
19
28
11
8
8
10
8
12
10
15
11
17
14
18
10
11
12
9
16
8
9
11
16
9
13
12
12
14
10
14
13
10
12
12
14
11
11
14
8
11
10
13
12
10
13
13
15
14
8
13
11
12
17
12
16
9
9
11
15
14
9
9
15
13
15
11
13
12
10
11
10
11
13
17
14
9
11
11
9
11
10
11
11
14
11
25
13
10
12
10
27
27
21
12
13
12
8
11
13
12
11
19
15
12
13
8
20
13
17
11
13
12
17
10
12
9
13
14
12
17
7
9
15
15
11
17
12
28
16
9
18
22
13
12
10
8
14
14
28
28
11
9
14
17
15
13
12
11
15
9
14
10
11
13
10
13
11
14
10
11
14
22
12
10
17
20
16
15
12
11
12
10
16
11
12
10
24
8
13
9
24
8
20
30
14
13
10
17
11
17
13
10
10
8
16
12
22
9
18
9
11
11
11
10
9
14
10
11
24
14
10
19
9
14
11
13
44
21
13
21
11
11
11
11
17
9
16
8
12
14
9
13
12
17
21
9
9
22
13
13
8
13
15
9
21
20
13
16
14
14
18
13
10
18
13
19
13
15
