164
157
160
168
157
156
237
150
187
150
283
178
198
158
155
173
161
176
153
174
218
159
166
200
305
213
176
218
184
185
180
278
239
153
187
157
160
176
203
181
168
152
159
152
173
159
173
161
145
170
166
213
210
218
170
160
150
155
244
156
155
190
154
145
198
186
173
155
180
226
150
174
226
203
203
236
215
154
150
163
153
158
179
205
160
161
189
152
162
164
150
162
190
195
164
188
154
158
158
156
220
157
173
179
175
190
186
153
166
168
173
157
159
205
152
164
159
219
151
151
177
164
223
156
153
170
161
258
266
165
232
177
162
153
308
184
178
152
268
152
161
292
201
164
166
161
318
161
154
176
162
203
150
162
174
154
193
180
223
171
249
139
151
392
144
184
175
170
161
157
275
209
155
152
199
332
265
166
168
177
164
153
177
190
363
295
155
182
163
151
155
154
210
237
168
261
192
168
187
256
170
174
174
187
186
200
184
182
281
167
162
187
203
203
312
206
161
256
173
191
168
615
206
145
157
170
167
157
172
172
155
181
181
152
300
159
163
188
160
163
233
171
257
168
184
151
160
197
225
172
154
165
259
190
160
150
157
323
276
204
241
223
143
72
247
160
188
160
180
167
332
227
143
174
195
156
182
159
183
268
206
168
250
207
161
187
184
206
199
169
151
179
211
149
162
174
163
163
216
256
164
173
153
254
372
152
177
236
329
160
218
316
276
179
168
190
166
288
182
167
440
151
218
199
154
203
155
208
278
216
162
226
481
303
164
165
180
199
380
153
152
162
174
177
225
156
178
498
241
188
308
172
251
208
277
160
146
270
407
170
241
259
195
199
210
185
170
176
217
256
162
234
287
448
167
177
152
162
184
153
243
146
205
154
331
250
271
201
224
156
193
229
178
181
582
166
197
194
355
218
208
210
167
161
239
167
182
319
175
188
260
177
430
155
152
251
162
155
265
216
274
205
163
179
495
177
167
268
189
269
173
216
233
165
176
188
201
182
434
260
175
179
369
151
386
245
163
182
159
182
345
188
274
166
391
476
213
179
175
215
299
194
187
192
158
230
223
178
176
210
165
180
319
177
262
200
157
287
232
192
207
163
235
243
180
184
152
148
355
257
154
200
196
210
248
259
157
264
194
156
246
178
171
206
377
263
208
179
154
213
160
268
237
147
201
162
151
422
193
153
183
196
221
192
185
178
150
167
192
177
308
229
184
171
259
165
158
192
213
202
212
158
146
270
187
162
366
150
180
160
244
201
230
174
175
159
344
174
150
321
196
169
195
167
177
238
220
179
235
192
163
300
186
317
157
391
158
238
154
232
197
182
176
157
152
190
161
432
167
177
260
217
180
167
179
171
191
170
184
207
207
158
156
174
328
167
201
297
186
187
156
266
331
305
163
163
204
186
171
152
148
156
217
221
233
214
142
282
167
237
248
161
172
189
234
291
159
284
220
167
224
178
174
161
235
161
170
177
145
155
176
158
161
168
203
167
152
165
145
222
180
152
162
158
165
152
195
175
151
216
160
227
156
172
161
176
165
162
156
174
162
267
165
236
215
179
160
152
160
165
181
165
154
148
182
168
201
175
168
203
170
184
177
303
222
198
172
167
154
173
317
186
198
165
155
187
204
291
252
328
157
160
165
355
191
158
197
191
177
169
164
161
169
157
222
178
160
154
197
161
150
244
442
151
346
159
204
214
158
292
158
169
168
151
160
193
165
215
260
269
165
153
171
179
167
167
167
159
156
250
154
166
154
200
156
164
165
278
226
274
153
162
187
175
176
173
159
166
161
155
150
154
176
218
170
172
168
267
185
323
159
161
274
181
166
255
170
285
212
171
154
170
169
165
159
277
222
155
223
156
175
158
166
190
155
145
163
150
175
164
170
163
212
159
166
165
155
183
163
174
152
174
171
147
345
177
158
158
163
168
201
154
154
160
168
235
184
161
167
166
157
178
211
412
426
155
188
159
176
178
158
167
213
151
432
156
152
188
174
154
183
183
159
171
158
178
203
262
175
186
180
276
159
162
201
168
240
162
158
167
160
164
175
166
330
164
229
153
172
158
